  6.2279833e+001
  3.4642134e+001
  5.3798547e+001
  5.9067704e+001
  6.9609411e+001
  6.4995297e+001
  6.5563709e+001
  5.1827372e+001
  6.7733602e+001
  7.9466866e+001
  7.4177822e+001
  9.1238121e+001
  9.5105191e+001
  9.0051379e+001
  9.4040435e+001
  7.6105902e+001
  4.8549566e+001
  9.4883558e+001
  7.9844994e+001
  9.6584513e+001
  6.4153157e+001
  9.4649142e+001
  3.6256324e+001
  7.1145329e+001
  6.6597667e+001
  6.8655788e+001
  7.8654831e+001
  3.5980135e+001
  7.7928763e+001
  7.1994827e+001
  6.4758438e+001
  6.9837153e+001
  8.1851099e+001
  5.8734887e+001
  5.7417707e+001
  7.2586214e+001
  4.0332505e+001
  1.0517566e+002
  7.7681877e+001
  6.6834381e+001
  7.1266470e+001
  6.8334507e+001
  5.4370644e+001
  7.3276598e+001
  6.3971509e+001
  8.4876308e+001
  7.1239143e+001
  7.0244626e+001
  6.2602316e+001
  8.9694236e+001
  5.3056812e+001
  7.4757370e+001
  7.1674453e+001
  8.1339228e+001
  9.1388597e+001
  8.8011036e+001
  5.9445222e+001
  7.9549381e+001
  5.0316640e+001
  5.2064564e+001
  7.3952272e+001
  7.0716579e+001
  4.0079336e+001
  6.0287893e+001
  5.1757541e+001
  4.5885969e+001
  9.4394553e+001
  7.7195351e+001
  6.2111903e+001
  3.5183676e+001
  5.2333464e+001
  9.0191550e+001
  8.1586039e+001
  8.5168903e+001
  4.6889048e+001
  7.0249768e+001
  5.6683079e+001
  7.9665404e+001
  8.5102910e+001
  8.4827870e+001
  9.7130979e+001
  4.7961479e+001
  8.8875418e+001
  6.9819784e+001
  7.7294730e+001
  9.7563171e+001
  4.8513549e+001
  7.9078825e+001
  6.0177035e+001
  6.9734137e+001
  6.8625484e+001
  8.6941489e+001
  9.4671045e+001
  8.2578477e+001
  5.0445521e+001
  9.4078670e+001
  5.8396995e+001
  5.4560636e+001
  6.5503146e+001
  1.0126639e+002
  9.2695611e+001
  6.1422275e+001
  7.7673526e+001
  9.1134076e+001
  7.0379243e+001
  9.9321112e+001
  7.3530632e+001
  5.2034203e+001
  6.5619114e+001
  6.3650496e+001
  7.2171340e+001
  9.6590436e+001
  4.5174292e+001
  5.5315723e+001
  9.4707216e+001
  8.8648773e+001
  5.2894336e+001
  5.3297301e+001
  6.9912114e+001
  7.0085144e+001
  7.8707424e+001
  7.7710656e+001
  7.7108978e+001
  5.0577857e+001
  5.9426439e+001
  3.6063698e+001
  4.8576249e+001
  7.6809779e+001
