     1     .12312E+03         .37191     .12239E+03     .12385E+03
     2     .12326E+03         .65430     .12197E+03     .12454E+03
     3     .12341E+03         .89646     .12166E+03     .12517E+03
     4     .12359E+03        1.10503     .12142E+03     .12575E+03
     5     .12376E+03        1.28766     .12124E+03     .12629E+03
     6     .12394E+03        1.45048     .12110E+03     .12678E+03
     7     .12412E+03        1.59803     .12099E+03     .12725E+03
     8     .12430E+03        1.73359     .12090E+03     .12770E+03
     9     .12448E+03        1.85950     .12084E+03     .12813E+03
    10     .12466E+03        1.97750     .12079E+03     .12854E+03
