     1     .12317E+03         .37508     .12244E+03     .12391E+03
     2     .12336E+03         .65989     .12207E+03     .12466E+03
     3     .12358E+03         .91412     .12179E+03     .12537E+03
     4     .12381E+03        1.14698     .12157E+03     .12606E+03
     5     .12405E+03        1.36596     .12137E+03     .12673E+03
     6     .12429E+03        1.57630     .12120E+03     .12738E+03
     7     .12454E+03        1.78145     .12105E+03     .12803E+03
     8     .12479E+03        1.98369     .12090E+03     .12868E+03
     9     .12504E+03        2.18458     .12076E+03     .12932E+03
    10     .12530E+03        2.38519     .12062E+03     .12997E+03
